name: 4ZP6
channels:
  - conda-forge
  - defaults
dependencies:
  - bzip2=1.0.8=h2466b09_7
  - ca-certificates=2024.8.30=h56e8100_0
  - et_xmlfile=2.0.0=pyhd8ed1ab_0
  - geos=3.13.0=h5a68840_0
  - intel-openmp=2025.0.0=h57928b3_1164
  - joblib=1.4.2=pyhd8ed1ab_0
  - libblas=3.9.0=8_mkl
  - libcblas=3.9.0=8_mkl
  - libexpat=2.6.4=he0c23c2_0
  - libffi=3.4.2=h8ffe710_5
  - liblapack=3.9.0=8_mkl
  - libmpdec=4.0.0=h2466b09_0
  - libsqlite=3.47.0=h2466b09_1
  - libzlib=1.3.1=h2466b09_2
  - mkl=2020.4=hb70f87d_311
  - numpy=2.1.3=py313hee8cc43_0
  - openpyxl=3.1.5=py313he57e174_1
  - openssl=3.4.0=h2466b09_0
  - pandas=2.2.3=py313hf91d08e_1
  - pip=24.3.1=pyh145f28c_0
  - python=3.13.0=hf5aa216_100_cp313
  - python-dateutil=2.9.0=pyhd8ed1ab_0
  - python-tzdata=2024.2=pyhd8ed1ab_0
  - python_abi=3.13=5_cp313
  - pytz=2024.1=pyhd8ed1ab_0
  - scikit-learn=1.5.2=py313h4f67946_1
  - scipy=1.14.1=py313h16bbbb2_1
  - setuptools=75.5.0=pyhff2d567_0
  - shapely=2.0.6=py313h1b6595a_2
  - six=1.16.0=pyh6c4a22f_0
  - threadpoolctl=3.5.0=pyhc1e730c_0
  - tk=8.6.13=h5226925_1
  - tzdata=2024b=hc8b5060_0
  - ucrt=10.0.22621.0=h57928b3_1
  - vc=14.3=ha32ba9b_23
  - vc14_runtime=14.42.34433=he29a5d6_23
  - vs2015_runtime=14.42.34433=hdffcdeb_23
  - xz=5.2.6=h8d14728_0
prefix: C:\Users\DarkH\anaconda3\envs\4ZP6
